=== Data Fetch for 2022-08-18 18:22:29.576308 to 2025-08-17 18:22:29.576308 ===
VIX: 766 data points, from 2022-08-18 00:00:00 to 2025-08-15 00:00:00
TNX: 751 data points, from 2022-08-18 00:00:00 to 2025-08-15 00:00:00
DXY: 861 data points, from 2022-08-18 00:00:00 to 2025-08-17 00:00:00
GOLD: 757 data points, from 2022-08-18 00:00:00 to 2025-08-17 00:00:00
